%YAML:1.0
vocabulary: !!opencv-matrix
   rows: 10
   cols: 64
   dt: f
   data: [ 1.83449098e-004, 8.02643364e-004, 3.16963973e-003,
       1.60374178e-003, 1.78771149e-002, 1.67158153e-002,
       3.76676731e-002, 2.98916493e-002, 2.85738576e-002,
       2.37375256e-002, 6.70811906e-002, 6.65998906e-002,
       8.54560407e-004, -4.41827951e-003, 5.85669838e-003,
       8.60009342e-003, 1.55351311e-002, 6.38289959e-004,
       1.76814012e-002, 9.42484569e-003, 2.72065938e-001,
       1.74370810e-001, 2.98515797e-001, 1.92073137e-001,
       -1.85720995e-001, 5.92945293e-002, 3.97202432e-001,
       2.59582072e-001, 3.70371863e-002, -1.08300727e-002,
       6.72978610e-002, 4.03425135e-002, 1.63452514e-002,
       8.59064143e-003, 1.95598491e-002, 1.83350015e-002,
       3.08911145e-001, -3.16611752e-002, 3.40053022e-001,
       1.54942527e-001, -1.15700744e-001, 9.49198008e-002,
       3.13604027e-001, 1.94038257e-001, -5.77323139e-003,
       2.80453600e-002, 6.00898340e-002, 4.47961912e-002,
       2.69345380e-003, 1.36571983e-003, 3.01357149e-003,
       2.47049564e-003, 2.75752135e-002, 8.07148311e-003,
       3.31422091e-002, 2.17920691e-002, 1.37844402e-002,
       8.72639753e-003, 2.86218077e-002, 3.77334356e-002,
       -3.10980435e-003, -2.57633417e-003, 4.56942059e-003,
       5.20204473e-003, -9.80372279e-005, -1.57537824e-003,
       5.37350541e-003, 4.19035042e-003, 1.30632725e-002,
       -8.03816877e-003, 5.17628416e-002, 3.51382457e-002,
       1.06504932e-002, 3.40082071e-004, 4.42565531e-002,
       3.59777287e-002, 6.59387966e-004, 7.73564971e-005,
       4.94830217e-003, 4.67155827e-003, -2.94969394e-003,
       -1.48595800e-003, 4.05831635e-002, 2.71995328e-002,
       -2.76730172e-002, -8.38467330e-002, 3.66588354e-001,
       2.15658307e-001, 3.10596704e-001, -4.67100702e-002,
       4.28421080e-001, 2.31711686e-001, -8.51790980e-003,
       2.46532494e-003, 2.64375936e-002, 3.27249914e-002,
       3.49007023e-004, -1.04835571e-003, 3.24881896e-002,
       2.51646005e-002, -1.47468476e-002, 9.77919996e-002,
       2.64185131e-001, 1.82710752e-001, 1.67840168e-001,
       4.11369326e-003, 2.82783687e-001, 2.85513520e-001,
       2.26177368e-003, -2.85714306e-002, 2.71085538e-002,
       4.76371162e-002, 1.01920590e-003, 5.21767652e-006,
       4.08696709e-003, 3.45567055e-003, 2.08834000e-002,
       6.15563896e-003, 3.54522541e-002, 2.98937988e-002,
       -4.27763996e-004, 1.40298968e-002, 2.98241861e-002,
       3.78228351e-002, -2.77446862e-003, -3.78309691e-004,
       5.01475483e-003, 5.08569181e-003, -1.12484465e-003,
       -2.28346745e-003, 5.14958706e-003, 5.33439312e-003,
       2.32150294e-002, 1.05509220e-003, 3.34691480e-002,
       2.76078787e-002, 1.49663920e-002, 1.09960409e-002,
       2.37125829e-002, 2.69056745e-002, -1.75009656e-004,
       1.52889278e-003, 3.18819680e-003, 3.67491436e-003,
       3.34038981e-003, -3.03693931e-003, 3.75312641e-002,
       2.57168487e-002, 4.68992479e-002, -5.19553944e-002,
       2.84085006e-001, 1.54476240e-001, 2.00971872e-001,
       -1.41563341e-001, 3.00779969e-001, 2.40614176e-001,
       -6.53755618e-003, -1.39311748e-002, 3.15581188e-002,
       2.91959699e-002, 1.48486281e-002, -1.03771444e-002,
       3.63132283e-002, 2.11122166e-002, 5.55060357e-002,
       -7.39836926e-003, 5.09777188e-001, 2.47324958e-001,
       1.99083537e-001, 1.13768801e-001, 3.35604638e-001,
       2.58966535e-001, -1.00335246e-002, -3.35467118e-003,
       2.60115135e-002, 3.60198691e-002, 5.19282511e-003,
       2.01449776e-003, 7.40395254e-003, 5.48758404e-003,
       2.32785568e-002, 8.25277250e-003, 6.11917488e-002,
       3.64456549e-002, 1.17950635e-002, 5.24822390e-003,
       2.79870294e-002, 2.99790874e-002, -4.34197299e-003,
       -1.37828535e-003, 6.77775964e-003, 4.26708255e-003,
       1.24639669e-003, -5.05067059e-004, 5.78347500e-003,
       3.61273438e-003, 1.45949265e-002, 1.32543116e-003,
       3.39911208e-002, 4.01998311e-002, 8.54702480e-003,
       -4.68251714e-003, 3.02634500e-002, 2.76885051e-002,
       -5.32160047e-003, -2.67040520e-003, 7.79015291e-003,
       4.13633417e-003, -3.81468446e-003, -1.62081923e-002,
       5.80691472e-002, 3.11979260e-002, 2.39992484e-001,
       -6.39204904e-002, 4.32817996e-001, 2.73037791e-001,
       -1.89798642e-002, 3.57554108e-002, 2.12829754e-001,
       2.08148152e-001, -2.97508966e-002, 1.26918228e-002,
       4.47283685e-002, 3.81052122e-002, -3.97485076e-003,
       -7.00630574e-003, 4.49223109e-002, 2.94764973e-002,
       1.82949200e-001, -5.74228838e-002, 3.50039870e-001,
       3.10317427e-001, 8.19962099e-002, -1.70347631e-001,
       2.15636268e-001, 3.20499063e-001, -2.22644508e-002,
       -1.79291647e-002, 3.74572389e-002, 3.85168791e-002,
       3.51611152e-003, -6.48918558e-006, 5.37685910e-003,
       4.29611374e-003, 1.63609665e-002, 1.04399361e-002,
       3.98244411e-002, 4.29684445e-002, -1.47854583e-002,
       -1.34054916e-002, 4.08199541e-002, 3.75551544e-002,
       -1.47980999e-003, -1.45238638e-003, 6.47735270e-003,
       4.93419776e-003, 4.06663021e-004, -7.47554703e-004,
       2.84693297e-003, 2.87665194e-003, 1.05548231e-002,
       -1.18352566e-002, 3.19437496e-002, 3.53241451e-002,
       1.26630329e-002, 7.29092676e-003, 2.01396253e-002,
       2.29200367e-002, 1.29610184e-004, 5.50217519e-004,
       3.27904522e-003, 3.83101054e-003, 2.62124906e-003,
       -1.74179412e-002, 3.02649066e-002, 2.82859672e-002,
       2.21318230e-001, -1.06741497e-002, 4.37443703e-001,
       1.89057291e-001, -1.60510875e-002, -7.66578168e-002,
       1.93265244e-001, 1.62865818e-001, 1.86510421e-002,
       -1.12642776e-002, 3.12252883e-002, 3.45054790e-002,
       5.16299205e-003, -9.61718895e-003, 4.00841311e-002,
       1.94660891e-002, 2.05576286e-001, -9.58090723e-002,
       4.59171444e-001, 2.13840961e-001, -8.34695026e-002,
       -1.76733688e-001, 3.76201570e-001, 2.68775672e-001,
       2.44711153e-002, -5.23027452e-003, 4.12874892e-002,
       3.47914472e-002, -8.88918410e-004, -3.25259927e-004,
       3.71505925e-003, 2.93549174e-003, 6.87192660e-003,
       -3.44046392e-004, 4.05352786e-002, 2.56259553e-002,
       1.17019769e-002, 1.07033586e-003, 4.53682505e-002,
       3.32315750e-002, 1.79752940e-003, -2.23972811e-003,
       4.27628728e-003, 6.63765706e-003, 2.29204103e-004,
       1.22324133e-003, 4.55480488e-003, 5.41274855e-003,
       1.06385835e-002, 1.33893155e-002, 3.39600816e-002,
       5.82733490e-002, 2.28056945e-002, 2.10712682e-002,
       5.15165329e-002, 5.25242649e-002, 1.52672757e-003,
       2.14131852e-003, 5.25491452e-003, 4.90350043e-003,
       -3.56965372e-003, 4.41626506e-003, 3.25577185e-002,
       3.59166153e-002, 1.83183745e-001, 1.05582938e-001,
       3.38326931e-001, 2.96382606e-001, 1.25195473e-001,
       1.39649585e-001, 2.53907144e-001, 2.83794403e-001,
       5.21735521e-003, 5.91946905e-003, 2.31081583e-002,
       2.12198552e-002, -1.06465369e-002, -3.72838764e-003,
       3.09475660e-002, 3.97834405e-002, 2.80721694e-001,
       -5.60907237e-002, 4.02216345e-001, 2.02344134e-001,
       -3.65543664e-002, -1.34433731e-001, 2.12509379e-001,
       2.25144044e-001, 9.67458077e-003, -3.16707045e-002,
       3.12224347e-002, 4.88840900e-002, -9.40608617e-004,
       -1.85481459e-003, 5.42564970e-003, 6.03986764e-003,
       2.63233222e-002, -3.14890465e-004, 3.96310240e-002,
       4.05239239e-002, -1.00094061e-002, -1.19032497e-002,
       3.58729586e-002, 3.59963998e-002, 6.09584094e-004,
       -2.13603140e-003, 5.07390220e-003, 6.76081609e-003,
       6.50236965e-004, -9.24121647e-004, 3.92329227e-003,
       4.60862322e-003, 1.41927246e-002, 2.34928746e-002,
       2.64900792e-002, 4.12675403e-002, 9.73739941e-003,
       1.02872560e-002, 3.23545001e-002, 3.78051363e-002,
       1.02383818e-003, -9.23146581e-005, 6.52978616e-003,
       5.55624906e-003, 1.62897222e-002, 3.66300135e-003,
       3.25538851e-002, 4.16336432e-002, 3.39845978e-002,
       -1.47727266e-001, 2.31189236e-001, 3.45874190e-001,
       1.98921919e-001, -2.77417973e-002, 2.52840519e-001,
       1.89718992e-001, -1.08377542e-002, 1.78622343e-002,
       2.11543702e-002, 3.09951156e-002, 2.35482841e-003,
       -2.03786208e-003, 3.73650938e-002, 3.39788944e-002,
       6.54646903e-002, 1.36824176e-001, 3.64849716e-001,
       3.60874683e-001, 2.30269268e-001, 5.00663631e-002,
       3.60238433e-001, 1.82176590e-001, -1.42781772e-002,
       -1.89883746e-002, 2.67002285e-002, 3.54411490e-002,
       1.14435982e-003, 2.19728542e-003, 5.70526952e-003,
       4.65490716e-003, 1.07117528e-002, -4.63180989e-003,
       3.63359861e-002, 3.38283181e-002, -6.75179122e-004,
       -2.66629066e-002, 3.56383361e-002, 4.14767340e-002,
       -9.00618325e-004, -3.98293883e-003, 4.78600478e-003,
       6.27926039e-003, 1.66752597e-003, -4.71050618e-004,
       2.42309016e-003, 2.47578835e-003, 2.66353954e-002,
       -5.81463473e-003, 6.97847009e-002, 2.48523187e-002,
       -6.57189777e-003, -3.58825037e-003, 3.34421322e-002,
       4.40383479e-002, 4.06512525e-003, 2.30009621e-003,
       7.01046502e-003, 7.28245545e-003, 2.34922040e-002,
       -2.58027185e-002, 3.00691668e-002, 3.04152537e-002,
       2.51210213e-001, 1.44923097e-002, 5.20572603e-001,
       1.28464580e-001, -1.46448553e-001, 2.63650878e-003,
       2.96870112e-001, 2.42244586e-001, 3.80104594e-002,
       1.15976427e-002, 5.65484352e-002, 5.31182475e-002,
       2.37129200e-002, 1.00959511e-003, 2.75705457e-002,
       2.37695202e-002, 2.22477332e-001, -1.57304332e-002,
       3.71871114e-001, 1.44266352e-001, -8.97685438e-003,
       -2.37187073e-002, 3.11646432e-001, 2.18717426e-001,
       2.26958785e-002, -3.45268915e-003, 3.62503380e-002,
       4.79041487e-002, 2.55553355e-003, -2.11361400e-003,
       2.71401857e-003, 2.74479599e-003, 1.89451203e-002,
       -2.12624166e-002, 3.33818942e-002, 2.37419195e-002,
       1.12846252e-002, -2.28946190e-002, 2.56025288e-002,
       4.00670618e-002, 2.35240278e-003, -1.28397031e-003,
       3.78833478e-003, 8.00085533e-003, -5.16679324e-003,
       1.81323348e-003, 5.75280795e-003, 2.11258442e-003,
       3.04130688e-002, 1.48244184e-002, 5.06056100e-002,
       2.80412603e-002, 4.05641226e-003, 4.10563685e-002,
       3.41592357e-002, 5.30720800e-002, 4.61100275e-003,
       1.99058210e-003, 5.34326211e-003, 2.64789653e-003,
       1.40885394e-002, -4.83096465e-002, 3.49756368e-002,
       5.04821129e-002, 3.06139678e-001, 3.98471095e-002,
       4.02589649e-001, 9.66080725e-002, -1.73349269e-002,
       -3.02572716e-002, 1.78931162e-001, 1.21357523e-001,
       1.22934133e-002, -2.99638044e-002, 1.99739356e-002,
       4.14960571e-002, 3.25686373e-002, -7.67333247e-003,
       3.54411341e-002, 1.87831912e-002, 3.69562745e-001,
       -7.69154653e-002, 4.04278010e-001, 1.20756797e-001,
       -2.66857147e-001, -2.78241038e-001, 2.83287227e-001,
       2.80242831e-001, -4.37932275e-003, -5.58268093e-002,
       3.54654975e-002, 6.47287890e-002, 2.95298873e-003,
       1.10957690e-003, 3.23413243e-003, 1.52305909e-003,
       2.17766296e-002, -3.06732114e-003, 3.41945104e-002,
       1.50149781e-002, -3.27092223e-002, -4.16428689e-003,
       3.62768173e-002, 2.00051442e-002, 1.46027806e-003,
       5.65147819e-003, 3.12843896e-003, 7.39037991e-003,
       -8.61327571e-005, 1.48384221e-004, 4.36871499e-003,
       4.14392725e-003, -8.51918850e-003, -5.65625122e-003,
       3.00592538e-002, 2.61946302e-002, 1.24204000e-002,
       2.17053515e-004, 2.66075898e-002, 3.01956646e-002,
       1.98562280e-003, 8.19534354e-004, 3.79071292e-003,
       4.86111641e-003, 4.19130130e-003, -2.05320027e-003,
       4.14125770e-002, 2.06300579e-002, -1.21772096e-001,
       -5.40939085e-002, 3.08529913e-001, 1.95147499e-001,
       2.61451393e-001, 4.68648411e-003, 3.26466918e-001,
       2.13012084e-001, -2.43392726e-003, 1.35680847e-002,
       2.44050790e-002, 2.89125927e-002, 6.82454463e-003,
       -1.74612850e-002, 3.53427976e-002, 3.02931778e-002,
       -1.65747136e-001, 8.81703384e-003, 2.80337960e-001,
       1.69710830e-001, 3.87288094e-001, 2.42926534e-002,
       4.14078981e-001, 1.27845123e-001, -1.05698472e-002,
       -4.04626364e-003, 2.12875400e-002, 2.12711170e-002,
       -5.74879465e-004, -2.41219089e-003, 4.72855754e-003,
       4.67404537e-003, 8.00347328e-003, -5.44545753e-003,
       3.74080986e-002, 2.62916349e-002, 3.18594053e-002,
       -3.20988800e-003, 4.31339480e-002, 2.61800494e-002,
       -1.19527662e-003, -2.75446009e-003, 3.47820786e-003,
       4.61680349e-003 ]
